20220101,500000.2,500000.3,99,220,1000000.4,0.0
20220102,499999.72,499999.75,106,214,841260.6,17542.045
20220103,499999.84,500000.06,115,205,675084.0,-4798.983
20220104,500000.03,499999.8,121,199,612201.94,2658.605
20220105,499999.75,500000.2,125,194,811177.6,1965.9905
20220106,499999.94,499999.7,134,185,501064.97,28473.805
20220107,500000.0,500000.25,123,196,605079.56,5056.583
20220108,499999.97,499999.78,129,188,498521.34,-9628.936
20220109,500000.4,499999.88,127,190,430348.28,25974.857
20220110,499999.94,499999.88,135,182,444971.25,-46945.883
20220111,500000.2,500000.0,143,176,781795.25,-42980.09
20220112,500000.25,500000.1,137,185,952716.56,16062.558
20220113,499999.66,499999.7,129,193,792160.6,26147.11
20220114,499999.9,499999.84,120,201,651028.06,-1227.73
20220115,499999.56,499999.3,124,198,538281.94,11406.873
20220116,499999.94,499999.84,131,191,582605.56,-7029.501
20220117,500000.16,500000.06,132,189,906350.4,-14538.19
20220118,500000.03,499999.7,153,169,740090.2,-6954.919
20220119,499999.8,500000.16,149,172,633933.8,14690.6
20220120,500000.12,499999.53,135,186,438446.16,90365.44
20220121,499999.97,500000.44,109,213,580700.7,54274.793
20220122,500000.6,499999.3,98,224,370118.6,-57079.47
20220123,499998.97,500000.78,123,198,354251.47,39324.742
20220124,500000.03,499999.56,123,197,390430.28,-6947.0464
20220125,500000.3,500000.03,136,183,431722.53,-9300.079
20220126,500000.0,500000.5,144,175,586278.94,7845.832
20220127,499999.9,500000.1,163,156,601162.56,-17382.002
20220128,500000.12,500000.06,148,169,728537.3,309.15533
20220129,499999.9,500000.03,131,188,659236.94,-7090.387
20220130,500000.22,499999.97,143,177,706914.4,28495.504
20220131,500000.0,499999.28,131,186,534786.75,-17116.564
20220201,500000.12,499999.88,132,185,691454.1,-22743.363
20220202,499999.72,499999.75,116,201,950170.5,-10930.26
20220203,500000.03,499999.97,124,194,726195.75,-32495.98
20220204,499999.62,499999.8,157,161,934273.7,-10260.638
20220205,500000.06,500000.12,160,158,661017.44,5269.0933
20220206,499999.7,500000.2,152,166,614529.1,23615.777
20220207,500000.3,500000.12,158,161,587443.06,-7136.0
20220208,500000.34,500000.4,137,182,625686.44,22043.516
20220209,500000.0,499999.78,143,178,604852.8,-15881.132
20220210,499999.78,499999.97,122,199,852608.0,-51979.926
20220211,499999.94,499999.84,124,197,853713.5,3982.8806
20220212,499999.9,500000.28,123,198,466290.22,888.901
20220213,500000.38,500000.03,133,189,558104.25,-7622.0225
20220214,500000.22,500000.22,132,193,542925.75,-52638.05
20220215,500000.03,499999.94,142,185,1061089.5,9731.116
20220216,500000.0,499999.9,135,192,728178.7,-25926.244
20220217,500000.25,499999.66,124,200,910390.44,-1304.011
20220218,500000.53,499999.78,125,198,590677.06,-7686.1133
20220219,499999.5,500000.0,128,195,574216.1,28758.01
20220220,499999.84,499999.97,128,194,711600.1,16203.471
20220221,499999.12,500000.72,117,205,527442.94,-28228.783
20220222,499999.97,500000.06,141,181,513098.97,30751.607
20220223,499999.7,500000.25,137,185,419566.3,5679.9443
20220224,499999.5,500000.16,141,179,674673.56,-39947.01
20220225,500000.03,500000.06,142,178,694938.2,-3583.4292
20220226,500000.12,500000.06,129,191,569268.5,-11733.245
20220227,499999.7,499999.75,133,187,741123.75,25664.646
20220228,499999.97,499999.62,154,167,947482.9,-6218.2563
20220301,499999.66,499999.62,145,181,595253.56,-11860.037
20220302,500000.16,499999.5,141,186,679478.0,-7447.6216
20220303,500000.12,499999.72,109,218,648317.75,-30987.66
20220304,500000.0,499999.8,110,217,880481.5,-6870.1084
20220305,499999.8,499999.6,119,208,577533.06,13449.6875
20220306,499999.9,500000.03,132,195,750559.2,-6022.896
20220307,500000.0,500000.47,119,207,558778.94,-14727.85
20220308,500000.2,500000.03,132,194,613119.9,-42764.92
20220309,500000.25,500000.1,139,187,893084.25,17880.697
20220310,500000.03,499999.94,140,186,686509.25,-5398.08
20220311,500000.03,500000.1,142,186,768779.4,-4797.8223
20220312,499999.88,500000.12,114,214,622836.44,-12314.78
20220313,500000.03,500000.1,102,224,770284.25,-10597.339
20220314,500000.12,499999.97,111,214,699494.94,-20000.064
20220315,500000.12,500000.16,119,205,801024.5,10424.871
20220316,499999.94,499999.75,138,187,847649.0,-9936.476
20220317,499999.8,500000.1,134,192,619885.06,47623.582
20220318,500000.03,500000.53,118,208,665541.5,-13435.338
20220319,500000.0,499999.72,130,197,750863.4,-19855.76
20220320,499999.3,500000.12,107,219,851927.25,4857.944
20220321,499999.97,500000.22,131,194,639733.2,11243.517
20220322,499999.78,499999.56,141,185,632958.94,2699.3025
20220323,499999.9,500000.0,150,176,694941.3,934.8378
20220324,499999.75,499999.94,155,171,580994.56,-18880.195
20220325,500000.16,500000.28,142,184,740849.8,17351.387
20220326,500000.1,500000.03,134,193,721068.06,21136.195
20220327,499999.94,500000.4,154,174,637537.25,-15111.135
20220328,499999.53,500000.38,144,186,634111.25,-462.73297
20220329,500000.44,500000.28,134,197,766897.6,32765.734
20220330,500000.12,499999.66,122,210,647775.6,17873.299
20220331,500000.03,500000.03,109,222,734457.9,22932.389
20220401,499999.78,499999.84,123,209,629141.0,-27390.805
20220402,500000.0,499999.84,129,203,638509.44,-3202.4019
20220403,499999.84,499999.84,131,201,700256.94,-13800.906
20220404,499999.9,500000.34,120,212,805739.06,-20146.787
20220405,500000.0,499999.94,150,182,790597.75,-24116.861
20220406,499999.72,500000.03,137,195,848142.25,3423.824
20220407,499999.8,500000.2,126,207,490280.72,37326.3
20220408,499999.7,499999.8,136,197,546109.9,-6724.3765
20220409,499999.88,500000.34,132,202,457266.22,18269.658
20220410,499999.84,500000.0,129,205,459937.47,35429.684
20220411,500000.25,499999.8,109,224,644510.4,-18259.3
20220412,500000.0,500000.38,125,208,579557.0,-26977.805
20220413,499999.94,499999.9,153,179,691022.3,9948.065
20220414,500000.28,499999.75,148,184,703055.1,-7229.4106
20220415,499999.9,500000.2,163,169,709605.94,-5415.267
20220416,499999.75,499999.72,148,184,629473.75,5787.7314
20220417,500000.28,499999.9,135,197,839787.5,1038.2346
20220418,500000.2,500000.12,129,202,950903.4,-14481.486
20220419,500000.12,500000.1,129,203,801774.1,-13713.658
20220420,500000.1,500000.22,121,212,792017.94,-25567.088
20220421,500000.38,500000.25,130,203,904483.3,-5310.979
20220422,500000.0,499999.94,124,209,704011.9,6993.437
20220423,500000.22,500000.03,128,206,598388.9,5038.4434
20220424,499999.84,499999.9,139,195,604178.9,-44.24081
20220425,499999.94,499999.78,155,179,685552.4,21407.627
20220426,499999.62,500000.06,131,201,747009.2,-4770.518
20220427,500000.0,499999.72,133,199,579175.94,-1821.7568
20220428,500000.2,500000.1,113,219,729566.9,24843.2
20220429,499999.8,500000.25,137,195,688928.8,24992.629
20220430,499999.94,499999.9,135,198,576792.06,-31319.14
20220501,500000.0,499999.66,141,190,577527.25,6412.5835
20220502,499999.88,500000.38,153,178,466409.1,5702.1963
20220503,499999.7,500000.62,148,182,532076.8,-34999.168
20220504,500000.1,500000.12,170,159,1062586.4,24093.465
20220505,500000.3,499999.62,161,168,945382.0,30168.043
20220506,499999.9,500000.38,151,179,610474.44,11639.889
20220507,499999.8,500000.03,147,182,575047.44,22505.957
20220508,499999.53,500000.47,130,199,533348.06,62364.77
20220509,500000.12,499999.9,116,213,777212.94,-17078.332
20220510,500000.2,500000.16,142,186,513631.56,187904.06
20220511,499999.5,500000.3,140,189,536254.4,54464.64
20220512,500000.28,499999.75,140,189,382529.03,-87580.93
20220513,499999.53,500000.2,164,166,503645.88,-25635.15
20220514,499999.97,500000.03,162,165,522125.2,-29834.258
20220515,499999.78,500000.12,161,165,629007.1,6927.179
20220516,499999.88,499999.97,164,164,650183.94,-5782.135
20220517,500000.03,499999.8,143,186,866482.44,-19128.016
20220518,500000.12,500000.38,119,213,905107.8,10494.685
20220519,500000.3,500000.0,126,205,624607.8,51687.535
20220520,499999.78,499999.78,122,210,598178.1,-8203.584
20220521,500000.1,500000.03,126,206,600439.56,-49395.914
20220522,500000.1,500000.34,143,188,748411.06,11.082016
20220523,499999.97,500000.1,96,237,1009914.8,3660.1128
20220524,499999.9,499999.84,121,213,796505.5,-15427.666
20220525,499999.94,500000.06,134,201,600483.5,-21922.127
20220526,499999.78,500000.56,158,177,854558.56,-6300.639
20220527,499999.9,500000.22,152,183,585149.56,-12283.837
20220528,500000.5,499999.62,152,184,539933.0,-21404.566
20220529,500000.22,500000.25,136,200,933355.9,-52835.465
20220530,499999.62,500000.1,138,197,1081180.8,-25125.725
20220531,500000.16,500000.16,143,189,717063.5,-49795.355
20220601,500000.34,500000.47,149,182,948261.7,25150.318
20220602,500000.1,500000.1,135,195,700768.6,9398.8125
20220603,500000.28,500000.28,129,200,757518.3,-7414.781
20220604,499999.84,499999.8,132,197,681994.94,2554.6292
20220605,500000.0,500000.1,139,189,685529.56,-2356.5977
20220606,500000.22,500000.22,136,193,751413.56,12082.257
20220607,500000.22,500000.25,94,237,987515.25,-1609.2179
20220608,500000.16,500000.22,116,213,786824.6,32151.7
20220609,500000.03,500000.03,120,208,508275.22,-4430.284
20220610,499999.62,500000.12,128,201,721113.94,-12991.816
20220611,500000.03,499999.9,118,213,658860.4,9598.144
20220612,500000.38,499999.78,116,214,599739.7,44399.43
20220613,500000.0,500000.06,115,212,628838.44,-28649.953
20220614,500000.47,499999.8,142,183,474801.16,-62515.535
20220615,500000.28,500000.16,142,182,701876.06,79982.234
20220616,500000.0,499999.88,134,191,616989.2,-4624.334
20220617,499999.94,500000.0,164,163,496612.9,39269.867
20220618,499999.8,500000.3,145,181,519537.0,-38515.98
20220619,499999.88,499999.7,157,169,768617.75,-14359.622
20220620,500000.06,500000.0,137,190,772125.2,6651.318
20220621,500000.3,500000.06,135,192,662187.6,-9467.746
20220622,499999.88,499999.75,121,205,745495.3,29980.045
20220623,499999.94,499999.7,121,206,814621.56,2290.2637
20220624,500000.1,499999.75,129,200,681022.8,-1751.0204
20220625,500000.5,499999.56,132,198,628032.25,-35255.004
20220626,500000.0,499999.8,135,196,733385.5,-16975.99
20220627,499999.94,500000.0,142,187,805994.5,-13783.884
20220628,500000.16,499999.9,136,191,831279.6,15367.118
20220629,500000.4,500000.1,115,211,668126.7,-17987.03
20220630,499999.84,499999.9,115,211,689988.3,1135.0247
20220701,500000.03,500000.1,128,198,570860.44,-32853.293
20220702,500000.22,500000.22,130,196,679729.9,-9877.347
20220703,500000.12,500000.28,139,187,621558.6,-20340.617
20220704,500000.1,500000.28,150,182,842960.6,2964.0635
20220705,500000.0,500000.0,140,190,645505.75,22848.225
20220706,499999.97,500000.16,132,197,855172.44,13351.622
20220707,500000.12,500000.25,117,214,624772.6,-22786.602
20220708,499999.7,500000.28,109,224,666706.06,13180.936
20220709,499999.84,499999.75,121,212,569313.0,-2545.4436
20220710,500000.0,500000.06,115,218,727862.25,-11335.907
20220711,500000.28,499999.88,124,209,835532.2,-5702.098
20220712,500000.25,500000.0,116,217,673707.44,-24448.934
20220713,499999.88,499999.88,98,232,851676.4,-42797.19
20220714,499999.8,500000.2,104,224,815148.4,-17826.598
20220715,500000.06,500000.1,112,216,604806.75,-41591.64
20220716,500000.1,499999.84,127,205,776771.75,-34502.707
20220717,500000.06,499999.84,125,207,699191.3,39774.953
20220718,500000.6,499999.78,147,187,817793.44,-20713.459
20220719,499999.9,499999.84,146,190,649923.75,-3083.6519
20220720,500000.1,500000.03,139,197,750583.44,17253.963
20220721,500000.06,499999.9,130,207,608384.94,9056.066
20220722,500000.0,499999.97,126,211,749395.7,15479.702
20220723,499999.94,499999.8,113,224,723763.6,-1420.5703
20220724,500000.22,500000.1,127,211,628505.0,-17745.947
20220725,500000.25,500000.0,128,210,1066009.5,4032.2188
20220726,500000.06,500000.38,120,218,586033.0,-62130.32
20220727,500000.22,500000.2,134,203,1045869.8,-26533.86
20220728,500000.22,500000.22,118,217,833896.44,24887.139
20220729,499999.88,499999.88,96,240,667183.7,-68250.914
20220730,500000.12,499999.8,119,216,735224.9,-32973.11
20220731,500000.1,500000.03,115,221,724383.9,-6189.652
20220801,499999.75,500000.2,136,202,772863.56,-13358.468
20220802,500000.0,499999.94,128,209,758860.94,-11429.036
20220803,500000.22,500000.16,141,197,673920.5,-12872.628
20220804,500000.34,500000.34,137,200,783887.5,-2658.3772
20220805,500000.06,499999.53,154,183,849352.4,-6693.973
20220806,499999.7,499999.78,143,195,731206.8,6571.5103
20220807,500000.12,500000.2,146,191,638788.7,2629.8262
20220808,499999.8,499999.84,150,186,702336.0,-2952.995
20220809,500000.2,499999.88,130,206,819372.5,18778.266
20220810,499999.62,499999.9,140,196,710819.8,-10703.347
20220811,500000.1,499999.72,148,188,713911.0,11018.083
20220812,500000.03,500000.03,160,178,565267.3,3523.0457
20220813,499999.66,499999.75,155,183,539540.3,-9114.5205
20220814,499999.88,499999.9,152,186,718909.94,-2517.0564
20220815,499999.97,499999.84,147,191,624011.06,11070.432
20220816,500000.28,500000.1,143,194,532495.56,8370.365
20220817,500000.3,499999.78,137,200,639864.25,9256.379
20220818,499999.94,499999.97,128,209,622460.4,41265.133
20220819,500000.4,499999.5,82,255,639635.06,-27724.766
20220820,499999.62,500000.06,108,228,411982.06,-5502.082
20220821,500000.22,499999.7,110,227,464593.9,23333.824
20220822,500000.47,499999.94,109,226,442797.38,-23862.611
20220823,500000.12,499999.88,123,211,610578.6,-5560.047
20220824,500000.12,500000.06,124,208,666157.5,-13047.019
20220825,499999.9,499999.94,137,198,879893.7,4794.9062
20220826,499999.84,499999.9,123,212,1015615.75,-6200.002
20220827,500000.22,500000.22,137,198,651259.5,-7691.8457
20220828,500000.4,499999.94,137,198,622780.94,-15226.931
20220829,499999.66,499999.72,153,180,852408.1,8640.285
20220830,499999.78,499999.94,151,180,779979.9,-4334.1157
20220831,500000.28,500000.4,150,180,784307.94,-6517.881
20220901,499999.78,499999.84,130,198,700296.5,11606.648
20220902,500000.34,500000.1,116,211,560563.2,-5316.9336
20220903,499999.84,499999.94,129,195,592171.75,-6641.3115
20220904,499999.84,499999.9,142,174,737381.94,7006.836
20220905,500000.06,499999.84,124,190,724066.3,-21969.424
20220906,499999.78,500000.25,115,197,992076.44,3551.47
20220907,500000.28,500000.2,118,196,838864.2,-10008.499
20220908,499999.75,499999.97,124,186,721196.56,-6526.1235
20220909,499999.88,500000.16,119,195,1032315.9,13743.298
20220910,499999.84,499999.62,103,212,479596.38,-23045.014
20220911,500000.12,499999.84,115,201,560507.56,-44181.023
20220912,500000.34,499999.9,138,177,899301.94,-19688.764
20220913,500000.2,500000.16,101,215,1121157.1,7119.7744
20220914,500000.03,500000.1,126,193,842226.7,6178.2754
20220915,499999.84,500000.25,131,186,752933.2,-18883.158
20220916,500000.16,499999.9,147,169,656004.8,-6243.55
20220917,500000.06,499999.8,145,171,641178.1,30607.924
20220918,500000.16,499999.75,140,179,848495.8,-3169.126
20220919,499999.8,500000.12,144,178,639188.5,7330.2803
20220920,499999.78,500000.1,144,177,593119.5,3756.0476
20220921,500000.0,499999.78,148,173,567959.8,12445.417
20220922,499999.94,499999.9,154,168,821149.9,6139.1753
20220923,500000.12,500000.12,118,205,622008.2,-14176.318
20220924,500000.0,499999.97,141,183,610227.25,14771.172
20220925,500000.1,499999.97,126,200,588755.6,-17518.514
20220926,499999.84,499999.88,134,190,768837.7,8787.369
20220927,499999.8,499999.66,132,188,603029.7,-141.39699
20220928,500000.25,500000.22,119,197,757681.3,-6082.5215
20220929,500000.16,500000.2,132,184,705868.1,-9887.332
20220930,500000.03,499999.97,125,191,709634.75,27443.713
20221001,500000.12,499999.94,112,204,673533.25,9088.501
20221002,499999.97,500000.06,116,196,767526.6,-13757.117
20221003,499999.72,499999.7,114,197,722873.4,-25161.81
20221004,500000.06,499999.44,141,171,761584.4,3869.3604
20221005,499999.97,499999.84,123,187,660347.2,-3371.4558
20221006,499999.75,499999.75,122,189,627183.06,890.65845
20221007,500000.1,500000.3,119,189,710190.3,-9044.985
20221008,499999.9,500000.06,116,191,658914.9,5340.0806
20221009,500000.16,500000.16,127,181,605705.7,-1990.0646
20221010,500000.2,500000.0,148,157,917674.56,-1129.614
20221011,499999.8,500000.0,132,164,631146.0,10139.417
20221012,499999.8,500000.16,150,143,445689.12,16394.734
20221013,499999.78,500000.12,138,151,576106.4,25425.564
20221014,500000.03,499999.9,118,172,682404.75,-16101.833
20221015,500000.1,499999.78,95,197,813970.7,-17540.082
20221016,499999.9,500000.03,104,191,771663.4,40051.734
20221017,500000.06,500000.16,105,199,702652.9,-5199.332
20221018,499999.7,499999.78,105,202,690034.8,-19559.754
20221019,500000.12,500000.16,126,176,842516.4,11641.091
20221020,499999.9,500000.0,142,157,560748.6,-8952.655
20221021,499999.84,499999.97,147,152,667410.1,7373.241
20221022,500000.12,500000.03,136,164,806057.0,-2105.4739
20221023,499999.78,499999.8,135,172,718698.6,3418.3008
20221024,500000.2,500000.28,119,189,736219.94,-4331.5776
20221025,499999.8,499999.97,151,152,854788.2,2844.1545
20221026,500000.03,499999.84,144,162,629102.6,-13976.471
20221027,499999.88,500000.03,128,177,700765.8,24391.678
20221028,499999.88,500000.12,130,176,546017.25,46015.33
20221029,499999.9,499999.8,123,180,598949.6,-20104.707
20221030,499999.9,499999.72,132,172,644149.9,4711.3296
20221031,499999.72,499999.6,121,183,570974.06,-3163.2366
20221101,499999.78,499999.6,118,185,722362.5,36697.46
20221102,499999.84,499999.9,96,208,871601.3,3041.0298
20221103,500000.22,499999.9,91,214,866670.9,-46062.875
20221104,500000.03,499999.6,119,186,711552.75,-2459.7395
20221105,499999.47,499999.9,123,180,604987.06,-31494.666
20221106,499999.9,500000.16,113,188,855606.8,7198.748
20221107,500000.16,500000.0,113,190,845772.44,-18998.016
20221108,500000.44,499999.9,129,176,1204392.2,-36648.633
20221109,500000.16,499999.06,114,197,673643.0,-93350.875
20221110,499999.44,500000.53,137,175,555223.0,32345.137
20221111,500000.03,499999.72,123,189,400630.75,23778.371
20221112,499999.6,500000.44,129,183,445221.84,33563.74
20221113,500000.22,499999.62,118,194,595769.3,-31730.69
20221114,499999.97,500000.28,122,189,590733.9,-25467.785
20221115,500000.16,499999.8,122,186,741347.9,8282.223
20221116,500000.06,500000.2,119,189,618158.8,10522.517
20221117,500000.44,500000.3,112,197,597509.9,6369.1333
20221118,499999.72,499999.88,109,198,617816.1,-11098.694
20221119,499999.8,499999.75,136,173,803957.75,-34599.844
20221120,499999.7,499999.94,129,182,1271288.1,-10054.409
20221121,499999.78,499999.88,143,171,645808.0,4325.417
20221122,500000.25,500000.1,135,179,615578.56,-13095.645
20221123,499999.97,500000.03,143,166,671600.6,5280.977
20221124,500000.16,499999.8,142,170,549807.1,-15737.444
20221125,500000.06,500000.2,148,164,649466.4,9124.611
20221126,499999.66,500000.03,138,176,739019.6,-4197.122
20221127,499999.78,499999.66,127,187,774617.9,4936.2085
20221128,500000.03,499999.97,106,203,785884.56,6464.5264
20221129,500000.03,500000.06,115,193,684508.25,3713.1135
20221130,500000.28,499999.8,128,178,709477.0,-10210.432
20221201,500000.0,500000.06,133,175,634072.25,-4938.8228
20221202,500000.3,500000.06,142,166,676981.56,-9137.85
20221203,499999.75,499999.7,132,176,721099.2,5770.316
20221204,499999.84,500000.1,122,187,642552.56,-5745.002
20221205,500000.22,500000.1,127,180,804844.2,1168.3888
20221206,500000.1,499999.94,122,187,761769.8,7337.4336
20221207,500000.06,500000.16,129,184,685025.1,314.54706
20221208,500000.0,500000.0,124,190,593159.75,11290.558
20221209,499999.66,499999.75,118,194,686258.25,-27812.785
20221210,500000.28,500000.16,145,161,770814.7,60871.098
20221211,500000.1,500000.0,122,190,751548.94,-5629.5327
20221212,499999.9,500000.2,132,180,769726.1,-12761.0205
20221213,499999.97,500000.16,154,156,725653.44,1283.3921
20221214,500000.25,500000.2,138,171,679039.56,2270.4915
20221215,500000.22,500000.2,142,166,663340.2,1028.6438
20221216,500000.2,499999.97,131,174,804196.44,-5717.0894
20221217,499999.72,500000.4,130,173,642486.44,7015.163
20221218,500000.4,499999.44,140,161,421702.66,26952.707
20221219,500000.22,499999.66,123,172,489375.3,-14164.259
20221220,499999.88,499999.94,140,151,532396.5,18722.414
20221221,499999.75,499999.8,151,138,523168.7,-28.33458
20221222,499999.97,500000.28,168,116,538082.75,505.17963
20221223,499999.97,499999.97,163,118,656372.0,1679.9847
20221224,499999.88,499999.72,148,129,647459.9,-5803.5537
20221225,499999.72,499999.88,127,150,926021.2,3716.928
20221226,499999.72,500000.0,121,151,832137.7,-3699.617
20221227,500000.16,500000.3,113,159,720140.3,4113.6807
20221228,500000.1,499999.78,135,132,759801.25,-2576.9568
20221229,499999.78,499999.9,133,127,586151.6,3148.8413
20221230,499999.66,499999.78,132,121,542058.56,-5892.5674
20221231,500000.28,499999.78,123,128,501078.9,-3353.39
20230101,500000.03,500000.06,125,121,598323.1,-9752.91
20230102,499999.88,499999.72,93,142,760577.4,-8063.218
20230103,499999.7,499999.62,90,139,713973.6,8022.7573
20230104,499999.8,499999.8,97,129,763257.7,-2767.9492
20230105,500000.16,500000.22,103,117,685212.56,20537.908
20230106,500000.22,500000.06,97,120,611927.5,-1748.6189
20230107,500000.06,499999.9,88,128,562631.9,42266.27
20230108,500000.16,500000.03,77,137,620889.8,6368.503
20230109,500000.25,500000.28,72,142,568268.9,7943.2866
20230110,499999.9,499999.72,91,128,552780.44,-6220.0737
20230111,499999.66,500000.4,108,120,646204.2,21865.066
20230112,500000.28,500000.22,113,114,522293.44,33683.055
20230113,499999.9,499999.44,94,143,628138.4,25524.637
20230114,500000.2,499999.34,92,152,696849.6,4420.6035
20230115,499999.94,499999.97,107,154,615512.9,11325.862
20230116,499999.94,499999.78,101,167,587171.25,-2832.2021
20230117,500000.16,499999.4,109,163,628877.06,-19808.625
20230118,499999.94,500000.12,102,172,835440.44,12372.277
20230119,500000.38,500000.3,113,167,654140.0,-3577.398
20230120,500000.44,499999.75,109,173,860702.8,-10213.058
20230121,500000.1,500000.16,109,176,714480.44,1021.6913
20230122,499999.97,500000.16,117,174,713002.5,8321.78
20230123,499999.94,499999.9,113,179,694214.44,-20424.71
20230124,500000.03,500000.2,112,189,856041.4,35451.758
20230125,500000.12,499999.84,105,199,567409.5,11434.014
20230126,500000.2,499999.75,106,199,628792.75,-1007.0669
20230127,500000.16,500000.16,129,177,616023.75,-9682.441
20230128,500000.06,500000.0,111,198,588074.25,-3351.267
20230129,500000.16,500000.06,100,213,756398.2,-12686.856
20230130,499999.97,500000.12,101,213,868938.25,32832.566
20230131,500000.0,500000.06,93,223,542765.6,-10114.109
20230201,499999.97,500000.03,97,217,595015.06,7700.5874
20230202,500000.1,499999.94,90,226,595292.25,4137.917
20230203,500000.16,499999.84,117,201,597086.44,-7130.3384
20230204,500000.12,499999.94,128,189,656243.56,203.90085
20230205,500000.16,500000.2,103,214,829053.44,-8807.407
20230206,500000.1,500000.2,115,204,616187.7,23006.451
20230207,500000.03,500000.56,111,208,685298.3,-25400.156
20230208,499999.97,499999.97,125,193,765093.1,-25794.707
20230209,500000.4,500000.1,144,174,909812.56,-9537.1045
20230210,500000.16,499999.88,137,181,578752.25,-10877.979
20230211,499999.97,499999.9,116,202,601837.1,7232.6973
20230212,500000.1,499999.97,116,201,545721.7,-4164.8877
20230213,499999.97,499999.88,123,194,654146.06,-12633.356
20230214,499999.84,499999.78,119,198,743353.8,-24608.479
20230215,499999.75,500000.34,120,197,904065.3,-10734.059
20230216,499999.9,499999.88,106,211,992617.56,17863.574
20230217,500000.03,499999.88,111,207,700054.8,9347.327
20230218,499999.97,499999.8,105,214,580082.7,23881.193
20230219,499999.88,500000.16,106,212,697119.2,11496.683
20230220,500000.34,499999.9,114,204,701000.94,10912.086
20230221,500000.12,500000.1,122,197,661512.75,-7703.6914
20230222,500000.0,500000.22,114,205,491516.75,17010.494
20230223,500000.12,500000.16,115,204,503291.88,-23391.234
20230224,500000.1,500000.03,135,185,758973.56,4189.766
20230225,500000.1,499999.84,138,183,568077.1,-3682.2305
20230226,500000.0,499999.94,144,177,631200.44,14036.725
20230227,499999.6,499999.6,127,194,730160.8,1871.8262
20230228,500000.22,499999.78,142,178,743501.56,-3313.5535
20230301,500000.12,500000.16,121,199,788717.0,5124.3867
20230302,500000.25,500000.12,124,195,683989.3,5715.792
20230303,500000.06,499999.97,115,205,706866.25,-1373.9752
20230304,499999.88,500000.16,138,182,541743.0,0.0
20230305,0,0,0,0,999999.8,0.0
20230306,0,0,0,0,0.0,0.0
20230307,0,0,0,0,0.0,0.0
20230308,0,0,0,0,0.0,0.0
20230309,0,0,0,0,0.0,0.0
20230310,0,0,0,0,0.0,0.0
20230311,0,0,0,0,0.0,0.0
20230312,0,0,0,0,0.0,0.0
20230313,0,0,0,0,0.0,0.0
20230314,0,0,0,0,0.0,0.0
20230315,0,0,0,0,0.0,0.0
20230316,0,0,0,0,0.0,0.0
20230317,0,0,0,0,0.0,0.0
20230318,0,0,0,0,0.0,0.0
20230319,0,0,0,0,0.0,0.0
20230320,0,0,0,0,0.0,0.0
20230321,0,0,0,0,0.0,0.0
20230322,0,0,0,0,0.0,0.0
20230323,0,0,0,0,0.0,0.0
20230324,0,0,0,0,0.0,0.0
20230325,500000.16,500000.2,159,152,1000000.06,0.0
20230326,499999.8,500000.06,151,161,636730.75,17654.56
20230327,499999.78,499999.97,144,168,768839.6,-3326.513
20230328,499999.88,499999.8,135,176,744642.06,-8760.547
20230329,500000.0,500000.0,123,189,944971.5,-2630.1802
20230330,500000.1,500000.34,127,183,705863.75,41526.996
20230331,500000.0,500000.28,126,188,648989.3,-9087.188
20230401,500000.25,500000.03,133,183,596944.4,-7687.852
20230402,500000.12,500000.25,143,169,694887.9,31045.428
20230403,499999.94,500000.03,132,181,795976.6,-808.1434
20230404,500000.1,500000.03,112,198,698720.7,-14472.361
20230405,500000.22,500000.12,122,190,763529.44,-2880.7134
20230406,500000.0,499999.9,117,193,674553.75,-1736.9344
20230407,499999.88,499999.7,112,202,842556.2,-11000.037
20230408,499999.72,500000.06,86,228,899154.1,-28869.176
20230409,499999.78,500000.0,103,216,671358.56,-46710.31
20230410,499999.94,500000.2,129,199,762299.7,22609.979
20230411,500000.1,499999.9,150,181,776071.94,-8919.351
20230412,499999.9,499999.9,149,184,727649.4,-4255.674
20230413,500000.06,500000.03,158,178,696279.56,14071.208
20230414,499999.78,500000.06,140,196,703215.6,-41145.176
20230415,499999.72,500000.0,138,198,526278.06,23815.412
20230416,500000.03,499999.84,127,208,571399.2,-2847.6619
20230417,500000.06,500000.06,127,208,656986.75,14226.353
20230418,499999.9,499999.97,125,212,670371.4,-7068.4556
20230419,499999.9,499999.88,116,221,878099.6,-17655.53
20230420,499999.97,499999.9,133,205,692882.0,11956.555
20230421,499999.62,500000.7,131,207,571814.0,-14926.197
20230422,500000.8,499999.4,146,191,426026.44,7277.7705
20230423,499999.53,500000.25,150,187,511377.12,-1746.5623
20230424,500000.0,500000.03,159,180,620922.56,-18151.8
20230425,499999.9,500000.25,168,171,874161.8,2638.492
20230426,500000.3,500000.25,137,197,690661.0,3131.6038
20230427,500000.06,499999.62,136,197,632005.56,-1681.1753
20230428,499999.72,499999.8,141,189,628759.25,-6006.0073
20230429,500000.16,500000.16,139,189,684402.3,-1442.2814
20230430,499999.78,499999.88,144,183,774528.1,3231.2676
20230501,499999.97,500000.28,136,189,804605.94,8860.973
20230502,500000.38,500000.12,125,199,756277.5,-1054.258
20230503,500000.2,500000.1,140,182,813256.7,29706.506
20230504,500000.03,500000.22,143,178,687130.7,4494.184
20230505,499999.66,499999.62,141,180,820010.2,5667.8823
20230506,500000.25,499999.97,174,144,823275.4,8800.433
20230507,500000.44,499999.8,161,155,486626.97,24914.344
20230508,500000.03,500000.1,162,148,636002.5,-95.178024
20230509,500000.06,500000.22,145,161,406277.84,-14750.677
20230510,500000.38,499999.53,156,147,637636.56,19725.912
20230511,499999.94,499999.9,147,153,491529.75,-4340.8135
20230512,499999.94,499999.84,150,148,596967.6,1035.0328
20230513,500000.25,499999.9,147,151,454067.5,-2700.723
20230514,499999.78,499999.9,156,142,603072.25,-4469.541
20230515,500000.34,500000.25,131,160,774003.06,-28586.89
20230516,500000.03,499999.78,110,174,889247.94,7597.5464
20230517,499999.75,500000.1,120,166,763398.3,-9253.822
20230518,499999.84,500000.03,108,178,583952.44,-6551.509
20230519,499999.94,500000.12,115,167,589917.94,-5084.4526
20230520,499999.8,500000.06,116,163,574328.4,3225.4917
20230521,499999.72,500000.22,111,169,853641.1,6566.215
20230522,500000.22,500000.28,125,157,731122.1,5371.151
20230523,499999.97,500000.12,93,184,669270.5,31097.797
20230524,499999.75,499999.53,107,173,707556.06,-6100.536
20230525,499999.97,499999.97,119,163,595350.06,-16361.406
20230526,500000.12,500000.06,130,155,599072.3,-4648.929
20230527,500000.2,500000.3,131,151,677435.2,-29133.889
20230528,499999.9,500000.12,121,156,831797.94,12223.356
20230529,500000.25,499999.94,105,169,689031.06,21644.8
20230530,500000.0,499999.97,105,163,645702.5,-8006.044
20230531,499999.9,499999.88,106,158,671805.94,1293.7948
20230601,499999.88,499999.84,104,160,629788.8,-2179.6067
20230602,499999.75,499999.75,100,163,738729.8,-16137.727
20230603,499999.94,499999.97,125,144,677392.5,-11435.946
20230604,499999.72,499999.84,128,146,754986.0,15804.916
20230605,500000.1,499999.75,122,151,939475.06,-68.19423
20230606,499999.66,500000.25,119,157,581821.6,12044.3955
20230607,500000.72,499999.25,126,154,675537.56,-9997.969
20230608,499999.84,499999.9,131,154,458331.12,1776.4658
20230609,499999.8,500000.34,125,154,551443.4,37569.805
20230610,499999.44,500000.44,124,158,810026.0,-2582.1123
20230611,500000.2,500000.03,128,160,385642.88,-14814.542
20230612,499999.78,500000.03,129,158,534412.9,-5613.9077
20230613,499999.9,500000.25,131,156,500104.22,18850.76
20230614,500000.47,499999.44,124,161,525005.0,-6195.649
20230615,500000.22,499999.56,133,154,587771.4,-10318.33
20230616,499999.94,499999.8,122,166,770609.9,-5442.2163
20230617,499999.78,500000.12,132,153,810060.06,-4277.955
20230618,499999.97,500000.12,130,155,704035.5,8930.668
20230619,499999.56,499999.9,121,165,603018.9,2787.3896
20230620,500000.06,500000.2,119,166,762873.25,-479.99335
20230621,499999.25,500000.3,126,158,649089.3,-13140.296
20230622,499999.97,500000.1,132,149,708615.8,14377.941
20230623,499999.75,499999.75,138,144,610367.75,-18352.893
20230624,499999.62,500000.34,130,158,773876.0,-4676.2397
20230625,499999.97,499999.6,145,143,664285.8,-2346.2703
20230626,499999.8,499999.88,125,165,705878.8,7941.9
20230627,499999.97,499999.7,122,167,572737.7,-2786.0635
20230628,499999.84,500000.12,101,190,936238.44,14100.982
20230629,499999.78,499999.9,106,184,556439.0,-22942.85
20230630,499999.97,499999.94,97,185,830931.56,-20889.666
20230701,500000.22,500000.12,112,175,597126.6,28739.795
20230702,499999.9,499999.75,110,180,555068.0,-5975.586
20230703,500000.28,499999.94,103,187,788225.6,-15350.43
20230704,500000.2,500000.06,107,187,822433.5,33913.562
20230705,500000.12,500000.06,100,201,692359.8,-4833.5557
20230706,499999.6,499999.9,123,182,719950.1,-7047.0854
20230707,499999.84,499999.78,119,190,545949.9,-2408.571
20230708,499999.8,499999.97,128,186,659279.06,8556.576
20230709,500000.16,500000.25,124,191,587031.56,-9751.185
20230710,500000.06,499999.97,143,173,759545.1,-8765.649
20230711,499999.62,499999.84,148,172,781697.06,-7051.849
20230712,499999.66,499999.66,128,196,813584.56,-4365.455
20230713,500000.1,499999.88,141,185,1215168.2,4403.9575
20230714,499999.9,500000.03,130,197,662812.1,-5831.739
20230715,499999.72,499999.84,142,186,541677.75,-3833.6797
20230716,500000.22,500000.06,136,190,637091.7,-1972.8231
20230717,500000.16,500000.16,126,202,671873.7,-7640.012
20230718,499999.88,500000.47,139,188,732909.4,-144.14249
20230719,499999.84,500000.12,131,198,610782.3,12447.517
20230720,500000.06,499999.97,119,207,723745.1,-9270.138
20230721,500000.1,500000.06,134,191,693949.94,-2081.225
20230722,500000.03,499999.97,148,178,702199.2,-15932.215
20230723,500000.2,500000.0,140,187,806673.25,12224.135
20230724,500000.2,500000.12,143,174,864926.7,-9591.089
20230725,499999.66,499999.7,134,183,650992.2,3228.4055
20230726,500000.22,500000.2,128,186,626459.75,-8446.892
20230727,499999.9,499999.7,118,192,710809.5,19987.398
20230728,500000.03,500000.06,110,199,632535.94,-10621.694
20230729,499999.72,499999.75,108,200,690382.0,-442.77258
20230730,500000.0,500000.06,116,191,823787.94,-10569.25
20230731,500000.03,500000.1,132,169,844472.6,-9287.589
20230801,499999.97,499999.88,126,172,799603.56,6739.9253
20230802,499999.88,499999.94,132,164,814017.7,839.6094
20230803,500000.06,499999.94,129,160,624835.2,-3061.178
20230804,499999.8,499999.84,111,171,640999.4,13920.907
20230805,499999.97,499999.88,94,187,809354.44,8.575119
20230806,500000.06,500000.2,101,178,686483.06,-30972.123
20230807,499999.94,499999.9,100,176,725061.8,-20395.48
20230808,499999.84,499999.84,122,158,709575.44,-6590.086
20230809,500000.03,499999.8,113,170,612786.1,9890.722
20230810,499999.97,500000.03,109,175,656877.5,-6199.728
20230811,500000.06,500000.03,104,183,688790.94,-3820.7598
20230812,499999.78,499999.78,97,188,629788.75,-6881.48
20230813,500000.12,500000.03,85,201,853876.8,6514.1064
20230814,500000.1,499999.88,90,196,568310.2,-7971.368
20230815,500000.06,499999.75,122,165,837701.75,16904.291
20230816,499999.66,500000.1,117,173,734699.1,12710.719
20230817,500000.44,499999.47,122,169,711785.8,5505.999
20230818,499999.62,500000.1,121,170,464575.25,-152.58684
20230819,500000.22,499999.8,121,168,440632.16,-5210.7
20230820,499999.56,500000.06,120,166,429404.88,24629.807
20230821,500000.3,499999.97,105,178,539118.2,-4742.698
20230822,499999.88,499999.8,111,173,624633.2,-4099.0024
20230823,500000.12,499999.94,108,174,748536.7,2741.6636
20230824,499999.94,500000.03,133,148,694979.25,-11791.467
20230825,500000.2,500000.16,147,137,712731.6,104.48824
20230826,499999.97,500000.03,138,151,609720.75,156.65591
20230827,500000.25,500000.22,132,156,797619.9,-5168.2466
20230828,500000.06,500000.2,140,144,801376.06,-6771.701
20230829,500000.03,499999.75,145,140,885196.06,6776.1396
20230830,499999.72,499999.8,114,169,711568.75,-180.90947
20230831,499999.78,499999.88,109,173,808451.4,14003.669
20230901,500000.22,499999.78,95,190,637211.94,-19090.79
20230902,500000.22,500000.2,104,182,778408.94,11267.56
20230903,500000.0,499999.9,93,194,651692.8,-10126.479
20230904,500000.16,500000.12,110,171,675057.5,-1409.652
20230905,499999.9,499999.97,95,187,783224.0,4617.846
20230906,500000.12,500000.0,93,185,576331.1,33801.508
20230907,499999.75,500000.03,94,186,654108.3,2268.7646
20230908,499999.9,499999.75,100,184,685846.0,-14959.491
20230909,500000.12,499999.72,103,181,652775.56,-21828.703
20230910,500000.1,500000.25,116,167,823652.6,-3103.3618
20230911,500000.38,499999.78,103,173,689538.06,7851.5693
20230912,499999.94,499999.94,113,166,564028.3,18456.295
20230913,500000.16,500000.12,108,172,576732.4,9856.298
20230914,500000.12,500000.16,91,184,614551.2,35975.566
20230915,500000.12,500000.1,88,190,589526.9,21106.04
20230916,500000.06,499999.84,90,187,636359.25,-96176.8
20230917,499999.88,499999.9,124,152,1081082.0,13981.911
20230918,500000.12,500000.25,115,165,712704.44,1014.5531
20230919,499999.97,500000.3,101,182,613597.75,11274.651
20230920,500000.06,500000.0,100,181,620350.0,-18250.225
20230921,500000.0,500000.0,120,161,780745.1,61466.758
20230922,499999.7,499999.62,87,193,767889.2,-6404.173
20230923,499999.72,499999.88,98,183,664995.6,-10803.552
20230924,500000.12,499999.66,111,169,703317.0,16795.809
20230925,500000.34,500000.25,87,196,663302.8,40115.438
20230926,499999.9,499999.97,83,200,652319.06,4854.583
20230927,499999.8,499999.75,87,191,608957.5,-15727.137
20230928,499999.97,500000.16,105,171,671925.8,-8395.839
20230929,500000.03,500000.12,104,172,640273.25,120.418274
20230930,499999.9,500000.1,110,166,680244.56,7216.575
20231001,500000.25,499999.75,107,169,719933.06,-5345.8555
20231002,500000.38,500000.34,100,177,691684.75,-21771.043
20231003,500000.28,500000.2,141,138,945629.1,-9033.881
20231004,500000.06,499999.8,145,139,707631.0,-8876.344
20231005,499999.88,500000.06,135,153,665356.06,-3523.5098
20231006,499999.97,499999.8,120,168,694535.2,8579.417
20231007,500000.06,500000.16,127,158,547643.2,-10739.653
20231008,500000.12,500000.1,115,171,727776.25,21541.28
20231009,500000.12,499999.88,108,179,695165.6,-310.56848
20231010,500000.22,499999.9,113,173,615283.5,3604.5999
20231011,500000.1,499999.78,106,184,668980.75,7073.7793
20231012,500000.1,499999.78,117,176,697879.3,-26070.25
20231013,499999.9,499999.7,108,180,794096.9,3839.1316
20231014,499999.88,499999.8,80,208,692344.6,-11525.576
20231015,499999.72,499999.75,93,195,719895.44,-28689.113
20231016,500000.06,500000.22,103,189,674135.5,-11553.436
20231017,500000.03,500000.25,110,186,839781.94,-26754.62
20231018,499999.97,500000.12,135,167,759498.8,-10312.7705
20231019,499999.9,499999.84,157,147,643100.2,1661.9082
20231020,499999.88,499999.88,124,182,694141.3,-3297.407
20231021,499999.94,499999.84,132,174,667484.4,-1007.39594
20231022,499999.9,499999.97,134,173,554338.75,43776.305
20231023,499999.84,499999.97,127,182,602416.75,-5591.4185
20231024,499999.8,500000.12,129,182,711310.0,11963.563
20231025,499999.75,500000.06,127,189,615323.5,-12658.417
20231026,499999.7,500000.12,123,193,589517.2,-16884.86
20231027,499999.84,500000.62,128,196,670249.06,4999.9097
20231028,500000.2,499999.97,121,201,567512.75,1202.865
20231029,499999.8,499999.9,112,210,588876.2,2931.9893
20231030,500000.0,500000.12,105,218,663705.25,5271.9497
20231031,499999.88,499999.97,94,229,830187.0,-6555.7534
20231101,499999.88,499999.78,117,210,708012.06,-5392.8237
20231102,500000.1,499999.72,135,194,750201.25,2849.33
20231103,500000.22,500000.0,123,207,701005.8,23579.635
20231104,499999.97,499999.9,120,214,589766.0,-12153.597
20231105,500000.22,500000.06,127,207,727587.9,-5920.8784
20231106,500000.28,499999.75,137,191,673148.1,-12847.159
20231107,499999.88,499999.88,131,197,638032.7,3632.44
20231108,499999.88,500000.06,126,203,766802.0,1484.2891
20231109,500000.03,499999.97,111,221,861314.8,3997.4146
20231110,499999.88,500000.0,104,232,693378.3,-42760.387
20231111,499999.47,500000.22,120,220,707389.94,533.98816
20231112,500000.25,500000.03,126,217,552776.4,-24194.607
20231113,499999.97,500000.1,134,208,836658.94,6572.846
20231114,500000.0,499999.75,116,228,699880.1,1662.7255
20231115,500000.1,499999.88,118,225,578120.44,-3552.119
20231116,500000.0,500000.12,119,223,679168.06,1668.2318
20231117,499999.9,499999.75,128,216,619141.4,-18532.11
20231118,499999.78,499999.8,135,210,692383.7,-11549.814
20231119,500000.1,500000.2,120,224,735491.6,3528.8237
20231120,499999.78,499999.66,116,228,706196.8,-4825.84
20231121,499999.3,500000.06,125,218,806063.0,2979.7222
20231122,500000.0,500000.0,122,222,665784.56,14097.058
20231123,500000.1,500000.06,110,235,582279.7,-4049.6768
20231124,500000.03,499999.84,129,215,617560.44,28566.63
20231125,499999.94,499999.9,118,224,700768.5,10022.955
20231126,500000.12,500000.2,101,240,731349.9,-9607.453
20231127,500000.16,500000.06,107,237,635679.4,16092.967
20231128,499999.72,499999.94,114,232,564836.2,9641.335
20231129,499999.62,499999.72,133,211,718333.2,-35921.445
20231130,500000.16,500000.28,128,214,710380.1,12527.785
20231201,499999.97,499999.72,139,205,727320.6,1007.46497
20231202,500000.22,500000.16,119,222,796018.2,32422.88
20231203,500000.0,499999.9,107,235,656516.2,47610.85
20231204,499999.75,499999.94,110,232,694152.0,-2885.0317
20231205,500000.1,500000.03,120,224,593973.6,-20105.498
20231206,500000.1,500000.1,125,219,749071.94,-819.8578
20231207,499999.88,500000.1,174,169,672052.7,21910.855
20231208,500000.16,499999.88,126,219,752944.7,-2249.2983
20231209,499999.84,500000.47,139,212,710122.1,33694.023
20231210,499999.7,499999.75,123,230,549513.94,29691.305
20231211,499999.9,499999.78,106,246,679249.4,-7356.1426
20231212,500000.06,500000.12,113,239,556079.3,-9782.481
20231213,499999.94,499999.7,110,245,457227.7,6849.958
20231214,500000.0,499999.8,106,249,609130.44,947.6958
20231215,500000.03,500000.12,117,240,618038.8,-3602.6987
20231216,499999.94,499999.84,116,240,655579.2,-3916.0542
20231217,499999.97,499999.94,115,239,705083.5,19984.654
20231218,499999.84,499999.66,115,238,690277.7,-4912.1064
20231219,499999.8,499999.66,114,239,729189.94,15069.287
20231220,499999.78,500000.12,111,244,677647.56,-16852.166
20231221,500000.06,499999.88,110,247,715656.6,-19288.03
20231222,500000.2,500000.16,125,232,746342.7,18779.863
20231223,499999.8,500000.4,113,244,716835.8,24677.764
20231224,499999.9,500000.03,106,251,666148.44,-4568.6455
20231225,499999.8,500000.3,123,234,546984.6,-774.0042
20231226,500000.2,499999.84,145,214,681130.5,-26044.666
20231227,499999.53,500000.16,144,217,687169.4,-22352.754
20231228,500000.22,499999.88,160,201,767117.94,2689.905
20231229,500000.12,500000.2,142,219,657303.9,2631.6875
20231230,500000.1,499999.94,140,221,598768.7,-2146.6804
20231231,500000.12,499999.66,153,209,703806.8,-4614.6143
20240101,499999.8,499999.62,137,225,686238.8,12219.663
20240102,500000.03,499999.8,136,226,751816.9,7370.6274
20240103,500000.03,499999.94,131,232,861129.06,-9205.4
20240104,499999.97,500000.06,134,229,520554.12,20933.129
20240105,500000.1,499999.8,133,230,590921.8,-2295.4048
20240106,500000.4,499999.72,132,231,521980.8,-3420.6323
20240107,500000.03,500000.12,145,218,552119.0,-26860.088
20240108,500000.28,499999.88,142,221,719740.25,6317.7734
20240109,500000.2,500000.06,151,212,604777.0,-14110.896
20240110,500000.1,499999.97,152,211,919623.8,-7508.4033
20240111,500000.25,500000.16,150,213,680137.56,-8737.877
20240112,499999.94,500000.03,139,224,724181.5,2239.5444
20240113,500000.06,500000.3,140,223,624398.4,-3919.2834
20240114,499999.9,499999.94,135,226,687465.25,-4478.3374
20240115,499999.75,499999.6,135,227,629823.06,-902.9873
20240116,499999.84,500000.03,123,237,781516.94,-2104.3743
20240117,499999.9,500000.0,119,238,632194.1,-5892.323
20240118,499999.72,500000.0,137,218,701684.25,-5648.2485
20240119,500000.25,500000.0,131,225,814823.44,-4038.017
20240120,499999.9,499999.84,152,205,706481.7,33532.44
20240121,500000.16,500000.4,136,221,581022.1,9805.969
20240122,500000.12,500000.3,131,223,612884.9,-2002.8364
20240123,500000.16,499999.8,131,224,624318.44,-17687.824
20240124,499999.97,499999.66,142,214,642178.8,-719.122
20240125,499999.97,500000.53,144,212,652941.7,-6953.6016
20240126,499999.72,500000.22,143,213,716957.7,-12857.867
20240127,500000.03,499999.97,155,201,692044.44,5794.262
20240128,500000.3,500000.12,136,220,776791.4,8185.157
20240129,499999.88,499999.56,135,221,726798.9,-4830.5503
20240130,499999.94,500000.2,131,222,753277.06,-6061.1226
20240131,500000.12,499999.97,142,209,758050.94,-4636.159
20240201,500000.06,499999.88,159,191,668316.75,2694.8354
20240202,499999.94,499999.78,149,202,698208.5,3441.5168
20240203,499999.9,499999.97,137,211,628540.0,18458.746
20240204,499999.8,500000.0,134,214,548234.4,-504.14432
20240205,499999.94,499999.9,120,228,560011.9,-1760.2388
20240206,500000.0,499999.9,158,190,819952.9,-11525.606
20240207,499999.88,500000.2,141,205,828234.4,12444.539
20240208,499999.7,499999.8,140,202,614584.06,27326.252
20240209,499999.9,500000.3,127,213,698626.06,-21358.943
20240210,499999.8,500000.16,122,221,642508.8,12882.725
20240211,500000.0,500000.16,118,226,640042.56,995.4024
20240212,499999.88,500000.22,126,215,602478.6,-1024.1338
20240213,500000.38,499999.97,134,212,773189.25,15089.855
20240214,500000.03,500000.12,121,225,602728.56,14902.76
20240215,500000.2,500000.25,117,232,715173.5,-26070.387
20240216,500000.06,500000.22,135,219,753248.6,3827.6846
20240217,499999.88,500000.03,116,241,587666.44,11725.575
20240218,499999.47,499999.9,129,231,543343.6,6922.181
20240219,499999.7,499999.9,127,235,615297.9,-3166.8079
20240220,499999.78,499999.88,128,236,674006.8,17176.424
20240221,500000.06,500000.22,109,255,553013.8,4688.226
20240222,499999.8,499999.75,121,244,610056.4,-15840.155
20240223,500000.25,499999.94,153,213,687112.94,244.35294
20240224,500000.0,499999.94,138,229,662188.94,199.15906
20240225,499999.8,500000.22,134,234,648047.75,7216.0874
20240226,500000.34,500000.03,129,239,688701.4,-18766.031
20240227,500000.1,500000.25,140,227,777830.6,17448.895
20240228,499999.9,500000.25,124,244,703500.06,-11564.779
20240229,500000.06,500000.1,140,225,670828.94,31545.748
20240301,499999.84,499999.94,142,223,590354.1,509.19678
20240302,500000.1,499999.34,140,225,676636.2,21520.564
20240303,499999.66,500000.25,131,235,576501.56,34586.22
20240304,500000.06,500000.0,142,225,678817.1,-13441.706
20240305,500000.12,500000.03,134,233,777706.0,-9377.602
20240306,499999.97,500000.1,134,233,656404.2,-26807.014
20240307,500000.25,500000.2,148,220,664928.75,10487.643
20240308,499999.88,500000.16,138,230,705162.94,-317.8345
20240309,499999.62,499999.9,127,242,809758.25,-7256.1353
20240310,499999.97,499999.9,131,239,690126.6,-21756.492
20240311,499999.75,500000.0,141,229,661086.94,-5589.9717
20240312,499999.8,500000.4,138,232,763399.94,-1037.4031
20240313,500000.0,500000.5,148,222,631623.4,3975.538
20240314,499999.75,500000.16,139,231,615538.5,10124.754
20240315,499999.66,499999.72,132,238,610693.8,13645.201
20240316,500000.1,499999.9,120,250,577071.2,30625.057
20240317,499999.88,500000.1,113,257,519238.1,9633.622
20240318,500000.34,499999.44,115,255,611169.2,-13191.089
20240319,499999.84,500000.66,132,239,565168.9,-25182.756
20240320,499999.8,500000.16,152,221,698956.0,-23400.508
20240321,499999.78,499999.9,163,209,838204.3,3765.492
20240322,500000.28,500000.25,155,217,667126.5,-85.46614
20240323,500000.03,499999.97,172,200,563989.0,2730.8115
20240324,500000.03,500000.1,158,215,528288.1,27625.006
20240325,499999.84,499999.44,142,231,720937.3,3361.5498
20240326,499999.72,499999.9,149,224,679932.44,-3984.5452
20240327,500000.22,500000.0,143,230,669750.56,-6626.504
20240328,500000.22,499999.9,146,227,705082.94,-30359.277
20240329,500000.03,499999.53,153,220,876808.8,9387.006
20240330,500000.0,500000.1,136,238,809798.3,29653.03
20240331,500000.06,500000.0,141,233,620793.0,20276.793
20240401,500000.3,499999.97,133,242,744150.75,394.75278
20240402,500000.28,500000.28,130,245,657648.6,-929.3346
20240403,500000.12,499999.72,134,241,699469.6,-17831.64
20240404,500000.06,499999.9,139,234,675206.6,4935.4893
20240405,499999.78,500000.06,140,233,562943.56,-2150.9592
20240406,499999.75,499999.88,145,229,595981.4,-10897.185
20240407,500000.28,499999.9,138,236,796095.4,-9291.962
20240408,499999.9,499999.75,159,215,917072.06,17116.05
20240409,499999.8,499999.84,158,216,737565.25,16495.45
20240410,500000.16,499999.84,156,218,657681.94,867.88806
20240411,499999.72,499999.75,163,211,615181.1,24150.59
20240412,500000.1,499999.53,146,228,700358.75,-8040.714
20240413,499999.72,500000.44,155,219,568365.0,-19732.291
20240414,499999.84,499999.72,165,209,401748.38,13064.605
20240415,500000.62,499999.75,154,220,395622.0,-7760.547
20240416,500000.53,499999.72,162,213,473843.72,-8375.412
20240417,499999.4,500000.38,164,211,545845.6,3219.2153
20240418,499999.78,500000.0,173,202,603054.2,-10092.823
20240419,499999.84,499999.72,171,204,826936.0,-20445.14
20240420,499999.7,500000.03,181,194,957592.7,3743.1472
20240421,499999.9,500000.03,160,216,611434.1,936.20337
20240422,500000.22,499999.53,160,217,616797.56,-2754.0298
20240423,500000.22,499999.8,160,217,749110.1,1301.8923
20240424,500000.12,500000.16,142,235,755828.8,-1535.9371
20240425,499999.7,499999.84,151,226,619636.44,30102.422
20240426,499999.72,500000.0,146,231,713558.8,-11313.885
20240427,500000.03,500000.28,166,212,720199.44,-17566.441
20240428,499999.94,499999.8,157,222,628765.44,-10786.049
20240429,499999.72,500000.3,171,208,661489.75,-1965.8113
20240430,499999.38,500000.4,187,193,837146.9,-4450.51
20240501,500000.25,499999.5,184,196,690192.75,-5234.334
20240502,499999.7,500000.4,178,202,677594.2,-19588.89
20240503,499999.66,499999.84,178,202,781003.75,-4213.13
20240504,499999.94,500000.03,164,216,669440.9,927.8785
20240505,499999.72,500000.1,146,234,753580.5,5175.29
20240506,499999.8,500000.0,141,240,544477.0,6628.525
20240507,499999.9,499999.88,145,236,586909.75,2330.8066
20240508,500000.0,499999.94,170,211,824736.4,659.5205
20240509,499999.97,500000.0,156,225,685148.9,1612.8407
20240510,499999.88,500000.6,137,244,605626.56,3987.0981
20240511,500000.12,499999.97,136,245,528005.9,6227.8755
20240512,500000.44,500000.12,151,230,563808.25,-6240.382
20240513,499999.84,500000.25,181,200,789394.75,-2955.0073
20240514,499999.84,500000.22,188,193,684206.3,6533.2314
20240515,500000.34,499999.94,178,203,934265.2,438.30902
20240516,499999.9,500000.1,199,182,651523.06,-2831.3296
20240517,500000.0,499999.7,183,198,615792.06,-6821.1978
20240518,500000.0,499999.94,172,209,553090.3,19937.941
20240519,500000.16,500000.0,167,215,601405.94,4826.784
20240520,500000.44,500000.03,161,221,886584.56,-13407.389
20240521,499999.72,500000.44,159,223,669243.06,-6183.4546
20240522,499999.94,500000.03,158,224,591706.75,18144.291
20240523,500000.1,500000.1,133,249,577811.6,2974.6055
20240524,499999.94,500000.16,149,233,555833.0,-8560.556
20240525,500000.06,499999.78,151,231,501713.12,1654.2574
20240526,499999.88,500000.0,149,233,610286.7,-2482.1143
20240527,499999.9,499999.8,138,244,750236.2,-4035.8237
20240528,499999.88,499999.9,148,234,684186.0,-7723.783
20240529,500000.12,500000.25,142,240,729830.56,-4646.831
20240530,500000.22,499999.97,156,226,764061.1,106.282684
20240531,500000.03,499999.97,160,222,565434.3,3711.884
20240601,499999.88,499999.9,146,237,591665.0,6819.104
20240602,500000.25,500000.22,140,243,622444.2,4007.4578
20240603,500000.16,500000.25,146,237,745837.56,-15329.743
20240604,500000.03,499999.97,151,233,674510.7,6142.1045
20240605,500000.44,500000.0,155,229,626601.6,-2693.5217
20240606,500000.12,499999.97,159,225,636109.4,-10704.531
20240607,500000.1,500000.28,169,215,826445.2,-3162.7297
20240608,499999.97,499999.66,162,222,579864.8,469.52716
20240609,500000.34,499999.94,176,208,449245.1,4819.0073
20240610,500000.03,500000.56,187,197,528415.8,72.20994
20240611,500000.2,500000.34,190,194,465930.47,-7597.0815
20240612,500000.16,500000.4,201,183,610951.1,10253.001
20240613,499999.66,500000.22,201,183,540822.0,1019.6449
20240614,500000.5,500000.2,180,204,557175.4,7111.199
20240615,499999.72,500000.2,182,202,427409.56,-6596.731
20240616,500000.0,500000.1,179,205,573309.5,5094.0664
20240617,500000.06,500000.34,175,208,679491.44,20531.594
20240618,499999.8,500000.28,152,228,512198.16,-1465.22
20240619,500000.22,499999.97,167,213,465561.44,-12763.63
20240620,500000.03,499999.94,179,201,503160.94,-5323.047
20240621,500000.28,499999.62,192,188,485617.88,-8536.882
20240622,499999.8,500000.4,204,176,639785.4,6300.05
20240623,500000.22,499999.8,197,183,577315.6,-8472.593
20240624,499999.62,499999.78,196,184,949665.5,-4645.5254
20240625,499999.9,499999.75,196,184,709435.75,1020.7551
20240626,500000.1,500000.1,183,197,719777.3,-2874.7368
20240627,500000.28,500000.28,179,200,842117.1,-3140.1604
20240628,500000.12,500000.0,185,194,770506.1,802.7307
20240629,499999.94,499999.88,186,194,583799.6,-12962.375
20240630,499999.75,500000.22,199,181,707248.4,-2068.0173
20240701,499999.97,500000.12,211,169,825578.1,-2559.8098
20240702,499999.97,499999.75,203,175,640057.4,1660.7858
20240703,500000.1,499999.84,209,169,700819.6,1241.678
20240704,499999.8,500000.53,177,201,795507.5,23540.82
20240705,500000.56,499999.53,186,192,568248.06,-32793.938
20240706,500000.1,499999.88,176,203,521742.1,-7721.2295
20240707,500000.03,500000.6,168,211,596001.06,6886.829
20240708,499999.97,500000.22,184,195,744466.0,-5561.116
20240709,499999.72,499999.7,163,218,621822.4,9693.958
20240710,499999.47,499999.88,176,205,659824.0,-4410.111
20240711,500000.16,500000.28,179,201,769809.0,-16708.45
20240712,499999.66,500000.0,163,217,796018.25,-18863.402
20240713,500000.16,499999.94,158,222,767445.44,2804.8337
20240714,499999.75,500000.12,158,222,709838.1,-25397.066
20240715,500000.1,499999.78,169,211,889111.1,-14861.047
20240716,499999.56,500000.3,160,218,695725.4,6705.53
20240717,500000.5,499999.6,152,227,624191.5,-106.33667
20240718,500000.2,500000.22,158,220,635785.8,2089.164
20240719,499999.7,500000.2,176,202,577615.25,-2319.4683
20240720,500000.16,500000.03,177,201,540961.75,10570.035
